0  -12 -9  -6  -3  0 3 6 9 12
-12 1.073145836 0.124454433 0.815988416 0.39545291  0.536572918 0.677692926 0.25715742  0.948691403 0
-9  0.124454433 -0.82423697 -0.132702987  -0.553238493  -0.412118485  -0.270998477  -0.691533983  0 -0.948691403
-6  0.815988416 -0.132702987  0.558830996 0.13829549  0.279415498 0.420535506 0 0.691533983 -0.25715742
-3  0.39545291  -0.553238493  0.13829549  -0.282240016  -0.141120008  0 -0.420535506  0.270998477 -0.677692926
0 0.536572918 -0.412118485  0.279415498 -0.141120008  0 0.141120008 -0.279415498  0.412118485 -0.536572918
3 0.677692926 -0.270998477  0.420535506 0 0.141120008 0.282240016 -0.13829549 0.553238493 -0.39545291
6 0.25715742  -0.691533983  0 -0.420535506  -0.279415498  -0.13829549 -0.558830996  0.132702987 -0.815988416
9 0.948691403 0 0.691533983 0.270998477 0.412118485 0.553238493 0.132702987 0.82423697  -0.124454433
12  0 -0.948691403  -0.25715742 -0.677692926  -0.536572918  -0.39545291 -0.815988416  -0.124454433  -1.073145836
