#  0   x₁   x₂   ⃨
#  y₁  z₁₁  z₁₂  ⃨
#  y₂  z₂₁  z₂₂  ⃨
#  ⫶    ⫶     ⫶

0  2 3 4 5 6 7 8 9
7 2.645751311 3.464101615 3.872983346 4 3.872983346 3.464101615 2.645751311 0
8 3.464101615 4.123105626 4.472135955 4.582575695 4.472135955 4.123105626 3.464101615 2.236067977
9 3.872983346 4.472135955 4.795831523 4.898979486 4.795831523 4.472135955 3.872983346 2.828427125
10  4 4.582575695 4.898979486 5 4.898979486 4.582575695 4 3
11  3.872983346 4.472135955 4.795831523 4.898979486 4.795831523 4.472135955 3.872983346 2.828427125
12  3.464101615 4.123105626 4.472135955 4.582575695 4.472135955 4.123105626 3.464101615 2.236067977
